0.81247638327778
0.81247638327778
0.81247638327778
0.81247638327778
0.086959074213682
0.11262707076372
0.11262707076372
0.086959074213682
0.11262707076372
0.086959074213682
0.086959074213682
0.11262707076372
0.086959074213682
0.11262707076372
0.11262707076372
0.086959074213682
0.086959074213682
0.11262707076372
0.086959074213682
0.11262707076372
0.11262707076372
0.11262707076372
0.11262707076372
0.11262707076372
0.11262707076372
0.11262707076372
0.11262707076372
0.11262707076372
0.11262707076372
0.11262707076372
0.11262707076372
0.11262707076372
0.11262707076372
0.11262707076372
0.11262707076372
0.11262707076372
0.086959074213682
0.11262707076372
0.11262707076372
0.086959074213682
0.11262707076372
0.086959074213682
0.086959074213682
0.11262707076372
0.086959074213682
0.11262707076372
0.11262707076372
0.086959074213682
0.086959074213682
0.11262707076372
0.086959074213682
0.11262707076372
0.11262707076372
0.11262707076372
0.11262707076372
0.11262707076372
0.11262707076372
0.11262707076372
0.11262707076372
0.11262707076372
0.11262707076372
0.11262707076372
0.11262707076372
0.11262707076372
0.11262707076372
0.11262707076372
0.11262707076372
0.11262707076372
0.15795889814864
-0.18457312309976
0.072594300409045
-0.18457312309976
0.15795889814864
0.072594300409045
-0.18457312309976
0.15795889814864
0.15795889814864
-0.18457312309976
0.15795889814864
-0.18457312309976
0.072594300409045
-0.18457312309976
0.15795889814864
0.15795889814864
-0.18457312309976
0.072594300409045
0.15795889814864
-0.18457312309976
0.66053073015058
-0.13517624154021
-0.062860445231862
-0.23938062877077
0.29027089893546
-0.23938062877077
-0.062860445231862
0.29027089893546
-0.23938062877077
-0.062860445231862
-0.13517624154021
-0.062860445231862
-0.23938062877077
0.66053073015058
0.66053073015058
-0.13517624154021
-0.062860445231862
-0.23938062877077
0.29027089893546
-0.23938062877077
-0.062860445231862
0.29027089893546
-0.23938062877077
-0.062860445231862
-0.13517624154021
-0.062860445231862
-0.23938062877077
0.66053073015058
0.15795889814864
-0.18457312309976
0.072594300409045
-0.18457312309976
0.15795889814864
0.072594300409045
-0.18457312309976
0.15795889814864
0.15795889814864
-0.18457312309976
0.15795889814864
-0.18457312309976
0.072594300409045
-0.18457312309976
0.15795889814864
0.15795889814864
-0.18457312309976
0.072594300409045
0.15795889814864
-0.18457312309976
0.66053073015058
-0.13517624154021
-0.062860445231862
-0.23938062877077
0.29027089893546
-0.23938062877077
-0.062860445231862
0.29027089893546
-0.23938062877077
-0.062860445231862
-0.13517624154021
-0.062860445231862
-0.23938062877077
0.66053073015058
0.66053073015058
-0.13517624154021
-0.062860445231862
-0.23938062877077
0.29027089893546
-0.23938062877077
-0.062860445231862
0.29027089893546
-0.23938062877077
-0.062860445231862
-0.13517624154021
-0.062860445231862
-0.23938062877077
0.66053073015058
-0.29530247399405
-0.29530247399405
-0.29530247399405
-0.29530247399405
-0.29530247399405
-0.29530247399405
-0.29530247399405
-0.29530247399405
-0.57047479018472
-0.57047479018472
-0.57047479018472
-0.57047479018472
-0.57047479018472
-0.57047479018472
-0.57047479018472
-0.57047479018472
-0.23574820519759
-0.23574820519759
-0.57047479018472
-0.57047479018472
-0.57047479018472
-0.57047479018472
-0.57047479018472
-0.57047479018472
-0.57047479018472
-0.57047479018472
-0.23574820519759
-0.23574820519759
