0.822937
0.822937
0.822937
0.822937
0.0880787
0.114077
0.114077
0.0880787
0.114077
0.0880787
0.0880787
0.114077
0.0880787
0.114077
0.114077
0.0880787
0.0880787
0.114077
0.0880787
0.114077
0.114077
0.114077
0.114077
0.114077
0.114077
0.114077
0.114077
0.114077
0.114077
0.114077
0.114077
0.114077
0.114077
0.114077
0.114077
0.114077
0.0880787
0.114077
0.114077
0.0880787
0.114077
0.0880787
0.0880787
0.114077
0.0880787
0.114077
0.114077
0.0880787
0.0880787
0.114077
0.0880787
0.114077
0.114077
0.114077
0.114077
0.114077
0.114077
0.114077
0.114077
0.114077
0.114077
0.114077
0.114077
0.114077
0.114077
0.114077
0.114077
0.114077
0.159993
-0.182197
0.0735289
-0.182197
0.159993
0.0735289
-0.182197
0.159993
0.159993
-0.182197
0.159993
-0.182197
0.0735289
-0.182197
0.159993
0.159993
-0.182197
0.0735289
0.159993
-0.182197
0.669035
-0.133436
-0.0620511
-0.236299
0.294008
-0.236299
-0.0620511
0.294008
-0.236299
-0.0620511
-0.133436
-0.0620511
-0.236299
0.669035
0.669035
-0.133436
-0.0620511
-0.236299
0.294008
-0.236299
-0.0620511
0.294008
-0.236299
-0.0620511
-0.133436
-0.0620511
-0.236299
0.669035
0.159993
-0.182197
0.0735289
-0.182197
0.159993
0.0735289
-0.182197
0.159993
0.159993
-0.182197
0.159993
-0.182197
0.0735289
-0.182197
0.159993
0.159993
-0.182197
0.0735289
0.159993
-0.182197
0.669035
-0.133436
-0.0620511
-0.236299
0.294008
-0.236299
-0.0620511
0.294008
-0.236299
-0.0620511
-0.133436
-0.0620511
-0.236299
0.669035
0.669035
-0.133436
-0.0620511
-0.236299
0.294008
-0.236299
-0.0620511
0.294008
-0.236299
-0.0620511
-0.133436
-0.0620511
-0.236299
0.669035
-0.2915
-0.2915
-0.2915
-0.2915
-0.2915
-0.2915
-0.2915
-0.2915
-0.56313
-0.56313
-0.56313
-0.56313
-0.56313
-0.56313
-0.56313
-0.56313
-0.232713
-0.232713
-0.56313
-0.56313
-0.56313
-0.56313
-0.56313
-0.56313
-0.56313
-0.56313
-0.232713
-0.232713
